46,0,player1,true,false,0,player2,false,false,0,0
530.293660 146.972011
459.799253 283.826669
650.216759 286.164820
444.834756 390.090702
623.006904 292.576414
480.829851 259.167445
489.974287 311.648928
326.050967 119.852370
194.092950 165.492132
272.921545 305.185254
493.547796 319.008913
290.019375 279.897879
378.448336 337.142061
591.659632 461.798966
529.297419 127.394894
231.645436 577.218136
330.928227 649.417000
113.930632 182.426301
749.831654 167.614213
488.509278 258.517717
292.550228 569.716880
354.860427 144.310160
471.678400 578.567603
713.925533 644.014651
114.598647 158.548890
301.187310 189.876604
697.753126 230.647750
441.391833 183.644602
392.990085 222.903641
304.246212 236.943564
531.020283 305.675613
475.208947 593.521510
332.333812 384.043130
544.393499 144.160184
676.890410 518.909867
575.026296 465.312718
635.762714 293.425499
552.278610 150.127049
641.551300 310.739522
530.354087 113.056243
180.472129 573.998412
319.454316 354.977565
115.888000 175.196975
454.867794 319.234173
329.541018 425.648873
75.486053 339.106846